930
20
296
785
36
862
232
587
122
807
836
872
410
817
830
444
426
674
348
160
358
40
81
875
648
77
218
418
516
833
747
305
166
942
526
809
304
261
655
849
929
69
156
184
125
314
740
657
881
252
587
186
148
27
697
893
739
568
259
572
116
858
114
232
92
292
375
446
668
936
836
869
981
503
89
700
717
693
67
772
809
444
868
652
772
819
5
889
6
810
3
834
804
359
17
175
95
408
577
19
914
209
750
791
247
93
890
551
817
161
28
963
291
549
273
705
762
319
182
66
599
278
187
144
915
477
15
654
100
610
678
672
37
487
423
541
25
700
932
530
854
684
404
191
210
165
868
594
219
232
